56
95
46
56
56
95
95
95
46
56
56
95
95
95
95
95
95
95
95
95
95
95
95
95
95
95
95
95
70
95
76
95
56
76
70
91
91
95
95
56
76
70
91
91
95
95
95
95
76
95
95
95
95
95
95
95
95
95
76
70
95
95
95
95
95
95
95
70
76
91
91
95
95
95
95
95
95
95
95
95
95
95
95
95
56
70
95
66
95
70
95
76
95
95
95
95
56
95
95
95
70
70
95
95
95
95
95
70
95
95
95
95
70
95
95
21
47
95
90
90
66
95
95
85
56
63
98
31
21
21
63
48
35
39
60
39
102
48
48
48
102
48
48
31
102
48
48
31
102
48
48
31
107
48
48
31
107
48
48
31
107
48
48
31
107
48
48
31
107
48
48
31
113
48
48
31
107
48
48
31
107
48
48
31
107
48
48
31
107
48
48
31
107
48
48
31
107
48
48
31
14
95
95
95
95
95
